droger
term|score|std|term frequency|document frequency
narkotika|0.659567|0.026006|683|266
tika|0.646244|0.019418|2|2
narko|0.629394|0.018070|2|2
alkohol|0.615022|0.032061|1861|556
narkotikamissbruk|0.594563|0.027622|67|57
steroider|0.578620|0.055919|70|25
narkotikapreparat|0.575397|0.041993|14|14
dopningsmedel|0.573939|0.036755|21|14
tillhyggen|0.573651|0.017492|5|4
anabola|0.571997|0.050937|71|26
kokain|0.564241|0.047188|29|18
zoonoser|0.563992|0.021505|2|2
dopning|0.561221|0.039892|99|30
preparat|0.556152|0.039881|276|119
drogerna|0.551134|0.069650|23|21
narkotikan|0.542475|0.054646|69|58
narkomaner|0.541275|0.047541|39|26
langning|0.540836|0.028104|47|29
bakterier|0.527265|0.040156|55|38
berusningsmedel|0.525101|0.028155|15|8
skatt
term|score|std|term frequency|document frequency
källskatt|0.700393|0.018399|11|9
skatten|0.683255|0.024708|783|364
bolagsskatt|0.651300|0.032611|36|20
avgift|0.639226|0.020167|746|462
försäkringspremier|0.637530|0.024607|15|14
beskattning|0.635624|0.011575|698|397
moms|0.621674|0.016960|422|221
fordonsskatt|0.619566|0.019919|74|51
förmögenhetsskatt|0.617491|0.019616|110|39
skattesats|0.605209|0.029958|72|46
askatt|0.596927|0.031673|6|5
punktskatt|0.596419|0.027747|28|18
fastighetsskatt|0.593330|0.015036|304|110
inkomstskatt|0.592154|0.023827|98|63
reavinstskatt|0.588877|0.033053|41|19
arbetsgivaravgifter|0.587588|0.019128|332|223
ränta|0.579769|0.022537|225|145
statsskatt|0.575297|0.051829|16|13
avkastningsskatt|0.575127|0.025192|11|8
kommunalskatt|0.574058|0.037219|45|32
säkerhet
term|score|std|term frequency|document frequency
kerhet|0.588226|0.019356|2|2
pålitlighet|0.540031|0.037326|16|12
rustningskontroll|0.515429|0.035856|2|2
tillförlitlighet|0.506845|0.025075|35|33
flygsäkerhet|0.493951|0.067637|14|14
tillgänglighet|0.491441|0.029210|1464|839
rättssäkerhet|0.490529|0.035817|353|272
kapacitet|0.485864|0.025480|1057|782
sjösäkerhet|0.484627|0.039208|63|41
driftsäkerhet|0.479613|0.016351|16|15
säkerhetsnivå|0.477330|0.021160|14|14
samhällsstyrning|0.475359|0.027071|29|12
trafiksäkerhet|0.473702|0.025604|434|301
synlighet|0.470248|0.035047|29|20
trovärdighet|0.469994|0.027774|205|163
luftomsättning|0.466145|0.049347|5|5
trygghet|0.464139|0.018689|2272|1525
tillit|0.463360|0.028030|101|95
hygien|0.461962|0.023741|49|49
budgetdisciplin|0.458957|0.026615|4|4
trygghet
term|score|std|term frequency|document frequency
grundtrygghet|0.586010|0.029034|24|24
otrygghet|0.583301|0.027362|350|298
tryggheten|0.580519|0.019420|529|399
frihet|0.555024|0.017563|997|737
rättssäkerhet|0.544541|0.032811|353|272
inkomsttrygghet|0.541616|0.026922|55|38
valfrihet|0.532824|0.021506|441|304
gemenskap|0.530990|0.030165|362|320
arbetsglädje|0.527230|0.054225|14|13
rättstrygghet|0.510674|0.045956|31|26
uppväxtmiljö|0.510585|0.028756|46|42
delaktighet|0.510079|0.020062|784|604
tillit|0.509261|0.030603|101|95
livskvalitet|0.508188|0.017323|419|352
studiero|0.504393|0.024573|36|24
sammanhållning|0.498454|0.032273|102|90
självtillit|0.497435|0.042881|12|11
kontinuitet|0.497105|0.025475|211|187
trygg|0.496891|0.022090|626|515
rättsäkerhet|0.496405|0.039561|16|16
brott
term|score|std|term frequency|document frequency
övergrepp|0.766239|0.010163|1353|549
sexualbrott|0.762969|0.009868|228|114
brotten|0.759875|0.023640|192|152
våldsbrott|0.741969|0.019580|195|139
brottet|0.727729|0.019556|351|233
gärningar|0.705633|0.019565|43|42
krigsförbrytelser|0.705177|0.022760|31|22
barnpornografibrott|0.693193|0.023949|67|32
förseelser|0.681301|0.023857|53|44
bedrägeribrott|0.670445|0.033520|1|1
trafikbrott|0.652085|0.025801|59|38
våldtäkter|0.646616|0.028922|140|90
gärningsmän|0.638732|0.026751|56|48
överträdelser|0.636390|0.020563|98|84
våldshandlingar|0.634646|0.038531|68|44
våldtäkt|0.632947|0.028232|298|154
seriebrott|0.631534|0.053154|1|1
mutbrott|0.629024|0.023052|21|9
hatbrott|0.622794|0.024288|150|30
lagbrott|0.621830|0.047729|33|32
brottslighet
term|score|std|term frequency|document frequency
brottsligheten|0.646447|0.019814|1101|419
kriminalitet|0.635668|0.017418|390|273
narkotikabrottslighet|0.627227|0.053401|10|8
terroristbrottslighet|0.622624|0.029785|1|1
ekobrottslighet|0.617070|0.036098|51|32
narkotikabrottsligheten|0.616686|0.022445|27|15
miljöbrottslighet|0.595023|0.028505|8|5
smuggling|0.588394|0.023509|119|70
kriminaliteten|0.587526|0.032315|89|61
bedrägeri|0.573224|0.020387|35|29
penningtvätt|0.570038|0.026660|126|40
skattefusk|0.568316|0.032359|309|122
vinning|0.565688|0.018526|44|38
ekobrott|0.564939|0.019674|130|71
underrättelseverksamhet|0.562847|0.035073|12|9
förskingring|0.561203|0.026154|13|10
skattebrott|0.550981|0.016131|146|70
spaning|0.543555|0.026862|41|37
utsatthet|0.542392|0.031494|324|261
bedrägerier|0.542190|0.037696|62|47
kriminalitet
term|score|std|term frequency|document frequency
brottslighet|0.635668|0.017418|1437|612
drogmissbruk|0.580755|0.024191|91|73
extremism|0.560405|0.028086|30|17
radikalisering|0.559923|0.031571|5|4
kriminaliteten|0.538742|0.031465|89|61
depression|0.533307|0.027540|117|96
fattigdom|0.532352|0.033690|518|289
skadegörelse|0.527486|0.047467|79|55
terroristbrottslighet|0.527270|0.029580|1|1
misär|0.525440|0.039909|57|53
fientlighet|0.523533|0.029605|5|5
återfall|0.515435|0.028663|147|71
segregation|0.514015|0.019621|340|237
fritagning|0.510795|0.016224|1|1
utsatthet|0.509835|0.039070|324|261
marginalisering|0.507985|0.035235|22|20
grövre|0.504652|0.035564|114|95
intolerans|0.504521|0.037810|54|46
minalitet|0.503820|0.101183|1|1
narkotikahandel|0.502938|0.028653|14|13
jämlikhet
term|score|std|term frequency|document frequency
jämställdhet|0.666108|0.021100|1280|685
rättvisa|0.665256|0.007788|931|653
delaktighet|0.604509|0.022298|784|604
sammanhållning|0.578346|0.024870|102|90
demokrati|0.572184|0.018141|1558|910
ställdhet|0.561769|0.018810|1|1
mediemångfald|0.547083|0.037432|1|1
integration|0.542607|0.041704|674|421
ickediskriminering|0.536480|0.027264|21|18
könen|0.532032|0.035395|268|212
likvärdighet|0.531307|0.036216|109|74
tolerans|0.522295|0.033644|115|101
ojämlikhet|0.521341|0.032799|126|115
valfrihet|0.511110|0.038057|441|304
likformighet|0.502167|0.029770|99|57
samstämmighet|0.500002|0.031382|88|76
livschanser|0.497934|0.032422|52|50
inkludering|0.490718|0.047810|28|21
solidaritet|0.488634|0.028607|338|255
folkhälsa|0.487404|0.025456|223|159
solidaritet
term|score|std|term frequency|document frequency
sammanhållning|0.593026|0.034061|102|90
fred|0.588407|0.033104|722|290
integration|0.570736|0.027455|674|421
demokrati|0.562277|0.024900|1558|910
tolerans|0.561227|0.025818|115|101
gemenskap|0.553360|0.034899|362|320
solidariteten|0.545396|0.039689|87|67
humanism|0.522334|0.052385|41|24
demokratisering|0.511111|0.037694|80|51
värderingar|0.509539|0.017591|599|451
samhällsutveckling|0.505359|0.040734|199|169
fattigdomsminskning|0.504732|0.032904|8|6
världsordning|0.502017|0.030471|29|22
rättighetsperspektivet|0.497890|0.043850|7|7
människovärdet|0.493936|0.054186|50|33
resiliens|0.491384|0.031864|2|2
jämställdhet|0.489129|0.017700|1280|685
jämlikhet|0.488634|0.028607|409|277
migration|0.484290|0.021529|125|66
polarisering|0.480764|0.041363|48|43
rättvisa
term|score|std|term frequency|document frequency
jämlikhet|0.665256|0.007788|409|277
likformighet|0.601640|0.037139|99|57
rättvis|0.577421|0.025748|750|518
förutsägbarhet|0.576886|0.031044|40|37
neutralitet|0.548205|0.036380|107|69
rättvisare|0.542953|0.036252|165|141
jämställdhet|0.541474|0.027855|1280|685
anständiga|0.520832|0.024729|23|22
proportionalitet|0.519916|0.042014|21|18
jämlika|0.516256|0.035590|275|238
ojämlikhet|0.506800|0.029954|126|115
konkurrensneutralitet|0.505425|0.022983|144|105
sammanhållning|0.502580|0.024777|102|90
ickediskriminering|0.501011|0.027306|21|18
rättvist|0.495447|0.034025|482|381
valfrihet|0.495286|0.033766|441|304
öppenhet|0.491219|0.030766|453|320
samstämmighet|0.488613|0.022927|88|76
humanitet|0.488304|0.046281|21|18
välfärd|0.488056|0.013499|1381|893
